0.443023256
0.747674419
0.672093023
0.588372093
0.644186047
0.66627907
0.729069767
0.576744186
0.631395349
0.797674419
0.776744186
0.827906977
0.747674419
0.631395349
0.722093023
0.439534884
0.63255814
0.434883721
0.822093023
0.726744186
0.706976744
0.68255814
0.5
0.610465116
0.604651163
0.593023256
0.624418605
0.697674419
0.712790698
0.629069767
0.774418605
0.596511628
0.668604651
0.588372093
0.534883721
0.702325581
0.738372093
0.554651163
0.824418605
0.623255814
0.470930233
0.609302326
0.555813953
0.6
0.720930233
0.046511628
0.470930233
0.162790698
0.948837209
0.948837209
0.6
0.720930233
0.609302326
0.777906977
0.854651163
0.530232558
0.73372093
0.596511628
0.596511628
0.854651163
0.555813953
0.903488372
0.903488372
0.65
0.694186047
0.786046512
0.786046512
0.530232558
0.65
0.329069767
0.694186047
0.777906977
0.73372093
0.61627907
0.775581395
0.722093023
0.727906977
0.688372093
0.7
0.710465116
0.425581395
0.393023256
0.751162791
0.625581395
0.712790698
0.684883721
0.747674419
0.747674419
0.443023256
0.790697674
0.774418605
0.774418605
0.760465116
0.863953488
0.598837209
0.781395349
0.729069767
0.808139535
0.405813953
0.758139535
0.794186047
0.069767442
0.274418605
0.390697674
0.458139535
0.626744186
0.672093023
0.676744186
0.701162791
0.765116279
0.790697674
0.598837209
0.863953488
0.765116279
0.587209302
0.51627907
0.648837209
0.769767442
0.710465116
0.634883721
0.522093023
0.805813953
0.776744186
0.776744186
0.656976744
0.51744186
0.7
0.86627907
0.76744186
0.703488372
0.786046512
0.612790698
0.674418605
0.78255814
0.731395349
0.775581395
0.822093023
0.824418605
0.710465116
0.7
0.827906977
0.575581395
0.575581395
0.727906977
0.661627907
0.825581395
0.768604651
0.73255814
0.522093023
0.752325581
0.752325581
0.701162791
0.629069767
0.763953488
0.76744186
0.756976744
0.598837209
0.847674419
0.679069767
0.803488372
0.772093023
0.786046512
0.752325581
0.81744186
0.847674419
0.527906977
0.405813953
0.770930233
0.770930233
0.648837209
0.674418605
0.769767442
0.710465116
0.625581395
0.461627907
0.51744186
0.744186047
0.744186047
0.704651163
0.468604651
0.468604651
0.627906977
0.763953488
0.658139535
0.669767442
0.598837209
0.781395349
0.806976744
0.787209302
0.787209302
0.789534884
0
0.46744186
0.55
0.55
0.096511628
0.775581395
0.822093023
0.576744186
0.76744186
0.775581395
0.722093023
0.576744186
0.688372093
0.556976744
0.825581395
0.76744186
0.768604651
0.644186047
0.701162791
0.827906977
0.723255814
0.747674419
0.747674419
0.461627907
0.656976744
0.760465116
0.704651163
0.7
0.615116279
0.615116279
0.598837209
0.658139535
0.726744186
0.659302326
0.847674419
0.556976744
0.765116279
0.587209302
0.498837209
0.746511628
0.78255814
0.731395349
0.390697674
0.83372093
0.61627907
0.75
0.661627907
0.7
0.498837209
0.672093023
0.676744186
0.765116279
0.634883721
0.805813953
0.629069767
0.627906977
0.726744186
0.679069767
0.556976744
0.803488372
0.772093023
0.752325581
0.847674419
0.527906977
0.503488372
0.809302326
0.789534884
0.302325581
0.302325581
0.83372093
0.75
0.824418605
0.556976744
0.644186047
0.498837209
0.7
0.73255814
0.751162791
0.712790698
0.684883721
0.723255814
0.461627907
0.701162791
0.86627907
0.703488372
0.756976744
0.659302326
0.598837209
0.669767442
0.81744186
0.729069767
0.612790698
0.808139535
0.806976744
0.758139535
0.794186047
0.809302326
0.746511628
0.746511628
0.746511628
0.845348837
0.727906977
0.511627907
0.546511628
0.577906977
0.787209302
0.693023256
0.963953488
0.937209302
0.923255814
0.840697674
0.980232558
0.980232558
0.881395349
0.815116279
0.715116279
0.674418605
0.76744186
0.743023256
0.906976744
0.881395349
0.798837209
0.798837209
0.702325581
0.73372093
0.73372093
0.937209302
0.534883721
0.004651163
0.808139535
0.923255814
0.787209302
0.727906977
0.772093023
0.795348837
0.848837209
0.784883721
0.637209302
0.75
0.548837209
0.848837209
0.694186047
0.784883721
0.981395349
0.963953488
0.702325581
0.754651163
0.473255814
0.473255814
0.906976744
0.708139535
0.708139535
0.75
0.754651163
0.934883721
0.787209302
0.815116279
0.787209302
0.693023256
0.694186047
0.674418605
0.934883721
0.808139535
0.845348837
0.955813953
0.840697674
0.772093023
0.795348837
0.511627907
0.326744186
0.577906977
0.548837209
0.981395349
0.76744186
0.955813953
0.511627907
0.715116279
0.637209302
0.743023256
