0.374418605
0.71627907
0.511627907
0.73372093
0.755813953
0.729069767
0.727906977
0.8
0.745348837
0.396511628
0.710465116
0.798837209
0.646511628
0.658139535
0.640697674
0.61744186
0.723255814
0.86627907
0.756976744
0.819767442
0.529069767
0.736046512
0.78255814
0.663953488
0.841860465
0.775581395
0.747674419
0.775581395
0.663953488
0.523255814
0.756976744
0.681395349
0.575581395
0.776744186
0.658139535
0.655813953
0.71627907
0.818604651
0.78372093
0.586046512
0.554651163
0.58372093
0.8
0.56627907
0.75
0.668604651
0.548837209
0.769767442
0.752325581
0.595348837
0.743023256
0.81744186
0.446511628
0.662790698
0.530232558
0.823255814
0.763953488
0.840697674
0.840697674
0.56744186
0.680232558
0.530232558
0.606976744
0.702325581
0.630232558
0.630232558
0.798837209
0.659302326
0.748837209
0.745348837
0.56744186
0.662790698
0.559302326
0.606976744
0.791860465
0.748837209
0.763953488
0.6
0.559302326
0.848837209
0.6
0.680232558
0.559302326
0.659302326
0.823255814
0.780232558
0.791860465
0.760465116
0.760465116
0.702325581
0.798837209
0.745348837
0.559302326
0.780232558
0.651162791
0.681395349
0.645348837
0.576744186
0.654651163
0.701162791
0.841860465
0.309302326
0.5
0.790697674
0.810465116
0.730232558
0.701162791
0.689534884
0.854651163
0.51744186
0.595348837
0.793023256
0.648837209
0.830232558
0.78372093
0.688372093
0.651162791
0.720930233
0.770930233
0.836046512
0.861627907
0.810465116
0.309302326
0.810465116
0.715116279
0.41627907
0.774418605
0.697674419
0.560465116
0.626744186
0.762790698
0.595348837
0.691860465
0.625581395
0.619767442
0.798837209
0.681395349
0.8
0.636046512
0.538372093
0.754651163
0.754651163
0.86744186
0.523255814
0.86744186
0.86744186
0.827906977
0.845348837
0.673255814
0.859302326
0.703488372
0.838372093
0.83372093
0.848837209
0.708139535
0.791860465
0.609302326
0.841860465
0.780232558
0.790697674
0.41627907
0.540697674
0.540697674
0.770930233
0.636046512
0.736046512
0.670930233
0.815116279
0.815116279
0.865116279
0.658139535
0.76744186
0.806976744
0.708139535
0.791860465
0.609302326
0.780232558
0.174418605
0.795348837
0.760465116
0.724418605
0.634883721
0.651162791
0.727906977
0.765116279
0.793023256
0.68255814
0.830232558
0.608139535
0.86744186
0.694186047
0.725581395
0.684883721
0.859302326
0.841860465
0.774418605
0.697674419
0.560465116
0.651162791
0.727906977
0.765116279
0.705813953
0.691860465
0.691860465
0.66744186
0.209302326
0.341860465
0.508139535
0.51744186
0.827906977
0.538372093
0.847674419
0.560465116
0.619767442
0.558139535
0.662790698
0.512790698
0.798837209
0.744186047
0.608139535
0.790697674
0.641860465
0.641860465
0.827906977
0.845348837
0.670930233
0.793023256
0.865116279
0.720930233
0.658139535
0.76744186
0.861627907
0.748837209
0.795348837
0.826744186
0.859302326
0.701162791
0.689534884
0.770930233
0.806976744
0.806976744
0.705813953
0.504651163
0.508139535
0.775581395
0.775581395
0.827906977
0.638372093
0.78372093
0.651162791
0.560465116
0.797674419
0.565116279
0.744186047
0.645348837
0.790697674
0.523255814
0.609302326
0.609302326
0.576744186
0.725581395
0.673255814
0.684883721
0.793023256
0.703488372
0.83372093
0.836046512
0.748837209
0.810465116
0.5
0.740697674
0.859302326
0.760465116
0.730232558
0.560465116
0.695348837
0.854651163
0.636046512
0.736046512
0.66744186
0.648837209
0.847674419
0.625581395
0.695348837
0.558139535
0.565116279
0.662790698
0.512790698
0.694186047
0.8
0.654651163
0.838372093
0.806976744
0.770930233
0.848837209
0.701162791
0.826744186
0.740697674
0.715116279
0.841860465
0.724418605
0.560465116
0.634883721
0.626744186
0.703488372
0.703488372
0.636046512
0.341860465
0.68255814
0.638372093
0.651162791
0.691860465
0.688372093
0.797674419
0.647674419
0.860465116
0.860465116
0.936046512
0.938372093
0.695348837
0.626744186
0.254651163
0.901162791
0.818604651
0.875581395
0.724418605
0.797674419
0.895348837
0.68372093
0.901162791
0.911627907
0.695348837
0.203488372
0.643023256
0.613953488
0.858139535
0.754651163
0.677906977
0.93255814
0.913953488
0.797674419
0.895348837
0.610465116
0.610465116
0.943023256
0.911627907
0.838372093
0.854651163
0.818604651
0.744186047
0.770930233
0.911627907
0.911627907
0.677906977
0.913953488
0.943023256
0.943023256
0.741860465
0.524418605
0.926744186
0.890697674
0.930232558
0.926744186
0.729069767
0.611627907
0.68372093
0.898837209
0.534883721
0.730232558
0.788372093
0.684883721
0.684883721
0.943023256
0.890697674
0.838372093
0.926744186
0.372093023
0.68372093
0.910465116
0.673255814
0.203488372
0.744186047
0.770930233
0.961627907
0.754651163
0.724418605
0.627906977
0.68372093
0.936046512
0.926744186
0.729069767
0.643023256
0.946511628
0.898837209
0.788372093
0.93255814
0.741860465
0.627906977
0.697674419
0.938372093
0.96627907
0.326744186
0.611627907
0.910465116
1
0.854651163
0.946511628
0.875581395
0.673255814
0.613953488
0.858139535
0.697674419
0.647674419
0.901162791
0.930232558
0.96627907
1
0.901162791
0.534883721
0.961627907
0.730232558
