0.424418605
0.723255814
0.63255814
0.61744186
0.672093023
0.643023256
0.645348837
0.777906977
0.723255814
0.639534884
0.751162791
0.636046512
0.647674419
0.347674419
0.687209302
0.43255814
0.396511628
0.28372093
0.25
0.446511628
0.681395349
0.544186047
0.647674419
0.740697674
0.552325581
0.727906977
0.675581395
0.475581395
0.520930233
0.618604651
0.591860465
0.638372093
0.596511628
0.609302326
0.669767442
0.658139535
0.459302326
0.5
0.545348837
0.740697674
0.595348837
0.548837209
0.702325581
0.810465116
0.439534884
0.511627907
0.526744186
0.627906977
0.687209302
0.679069767
0.776744186
0.630232558
0.675581395
0.627906977
0.777906977
0.598837209
0.71744186
0.880232558
0.641860465
0.618604651
0.762790698
0.643023256
0.770930233
0.71627907
0.473255814
0.694186047
0.345348837
0.759302326
0.708139535
0.777906977
0.444186047
0.777906977
0.595348837
0.61744186
0.710465116
0.246511628
0.641860465
0.701162791
0.687209302
0.661627907
0.818604651
0.618604651
0.775581395
0.281395349
0.605813953
0.810465116
0.373255814
0.536046512
0.681395349
0.620930233
0.818604651
0.765116279
0.895348837
0.738372093
0.691860465
0.624418605
0.551162791
0.640697674
0.684883721
0.760465116
0.797674419
0.611627907
0.68255814
0.81627907
0.373255814
0.677906977
0.503488372
0.856976744
0.588372093
0.759302326
0.789534884
0.7
0.515116279
0.654651163
0.803488372
0.203488372
0.736046512
0.654651163
0.71627907
0.795348837
0.523255814
0.696511628
0.624418605
0.893023256
0.719767442
0.696511628
0.629069767
0.620930233
0.525
0.769767442
0.759302326
0.837209302
0.818604651
0.827906977
0.753488372
0.595348837
0.506976744
0.684883721
0.660465116
0.741860465
0.798837209
0.627906977
0.66627907
0.540697674
0.594186047
0.643023256
0.511627907
0.711627907
0.496511628
0.734883721
0.680232558
0.706976744
0.691860465
0.831395349
0.790697674
0.769767442
0.481395349
0.45
0.612790698
0.88372093
0.772093023
0.868604651
0.815116279
0.810465116
0.524418605
0.702325581
0.694186047
0.760465116
0.689534884
0.718604651
0.741860465
0.794186047
0.837209302
0.810465116
0.88255814
0.793023256
0.869767442
0.898837209
0.789534884
0.848837209
0.762790698
0.56627907
0.912790698
0.965116279
0.858139535
0.822093023
0.804651163
0.769767442
0.809302326
0.723255814
0.686046512
0.659302326
0.947674419
0.876744186
0.844186047
0.761627907
0.520930233
0.818604651
0.884883721
0.68372093
0.720930233
0.820930233
0.898837209
0.861627907
0.690697674
0.838372093
0.589534884
0.437209302
0.773255814
0.811627907
0.824418605
0.825581395
0.744186047
0.956976744
0.869767442
