0.87
0.66
0.71
0.87
0.54
0.71
0.72
0.25
0.75
0.76
0.81
0.85
0.75
0.6
0.72
0.65
0.9
0
0.82
0.7
0.89
0.75
0.25
0.54
0.8
0
0.53
0.65
0.85
0
0.74
0
0.52
0.8
0
0.78
0.75
0
0.88
0.52
0.57
0.86
0.77
0.75
0.5
0.1
0.5
0.15
0.94
0.83
0.82
0.86
0.78
0.86
0.95
0.73
0.77
0.73
0.49
0.8
0.9
0.97
0.81
0.4
0.75
0.98
0.76
0.81
0.77
0.77
0.74
0.75
0.74
0.65
0.85
0.85
0.83
0.6
0.74
0.85
0
0.5
0.97
0.79
0.66
0.65
0.9
0.78
0
0.77
1
0.88
1
0.96
0.85
0.9
0.89
0.97
0.53
0.69
0.88
0
0.3
0
0.55
0.74
0.9
0.75
0.59
0.86
1
0.65
0.95
0.73
0.95
0.77
0.77
0.73
0.78
0.68
0
0.82
0.95
0.8
0
0
0.52
0.93
0.95
0.83
0.9
0.5
0.78
0.76
0.74
0.76
0.9
0.95
0.65
0.69
0.9
0.6
0.8
0.79
0.6
0.89
0.75
0.82
0
1
0.74
0.83
0.85
0.95
0.95
0.96
0.85
0.91
0.87
0.9
0.9
0.86
0.94
0.85
0.97
0.5
0.5
0.85
0.75
0.64
0.71
0.79
0.67
0.93
0.52
0.56
0.93
0.78
0.95
0.52
0.61
0.65
0.85
0.8
0.96
0.5
0.8
0.8
0.89
0.78
0.77
0
0.55
0.5
0.53
0
0.75
0.9
0.9
0.74
0.9
0.74
0.65
0.65
0.8
0.95
0.85
0.85
0.9
0.65
1
0.68
0.9
0.64
0.52
0.73
0.73
0.68
0.85
0.6
0
0.86
0.65
0.93
0.95
0.95
0.87
0.84
0
0.75
0.9
0.9
0.74
0.5
0.95
0.5
0.95
0.85
0.6
0.51
0.86
0.62
0.93
0.5
0.9
0.85
0.72
0.85
0.95
0.65
0.94
0.95
0.5
0.85
0.5
0.77
0.88
0.62
0
0.5
0.89
0.9
0.9
0.69
0.8
0
0.54
0.7
0
0.86
0.5
0.79
0.75
0.89
0.95
0.85
0.85
0.8
0.84
0.65
0.9
0
0.84
0.89
0.95
0.78
0.87
0.73
0.79
0.87
0.82
0.9
0.87
0.75
0.81
0.85
0.88
0.85
0.97
0.95
0.97
0.89
0.93
0.98
0.93
0.91
0.82
0.88
0.79
0.73
0.97
0.97
0.89
0.75
0.91
0.8
0.74
0.96
0.81
0.04
0.89
0.93
0.89
0.73
0.79
0.9
0.93
0.93
0.76
0.73
0.6
0.81
0.86
0.8
0.99
0.95
0.82
0.5
0.85
0.85
0.92
0.76
0.79
0.73
0.43
0.97
0.73
0.86
0.8
0.73
0.73
0.82
0.93
0.77
0.81
0.97
0.8
0.89
0.75
0.65
0.73
0.77
0.6
0.99
0.89
0.97
0.75
0.89
0.88
0.87
