0.25
0.73
0.75
0.71
0.68
0.65
0.65
0.85
0.72
0.5
0.68
0.77
0.68
0.25
0.25
0.72
0.71
0.84
0.75
0.87
0.65
0.74
0.87
0.6
0.89
0.73
0.73
0.87
0.5
0.65
0.72
0.74
0.5
0.95
0.68
0.65
0.71
0.84
0.75
0.68
0.72
0.74
0.95
0.65
0.72
0.25
0.65
0.77
0.72
0.25
0.72
0.85
0.25
0.25
0.86
0.86
0.73
0.83
0.88
0.5
0.73
0.25
0.73
0.73
0.85
0.73
0.91
0.85
0.9
0.87
0.85
0.84
0.73
0.73
0.84
0.87
0.87
0.73
0.73
0.98
0.73
0.83
0.25
0.75
0.91
0.77
0.95
0.75
0.9
0.88
0.75
0.93
0.25
0.87
0.25
0.73
0.5
0.5
0.73
0.63
0.78
0.25
0.5
0.92
0.94
0.8
0.75
0.8
1
0.58
0.65
0.95
0.75
0.95
0.9
0.87
0.79
0.85
0.96
0.96
0.98
0.88
0.84
0.89
0.6
0.25
0.93
0.7
0.78
0.5
0.89
0.75
0.6
0.6
0.65
0.89
0.7
0.85
0.82
0.65
0.7
0.8
0.91
0
0.95
0.91
0.86
0.82
0.8
0.73
0.62
0.98
0.9
0.9
0.8
0.63
0.8
0.9
0.9
0.9
0.62
0.73
0.64
1
0.8
0.87
0.7
0.89
0.73
0.9
0.65
0.8
0.92
0.9
0.9
0.8
0.7
0.25
0.98
0.6
0.89
0.6
0.68
0.74
0.75
0.9
0.8
0.95
0.5
0.95
0.7
0.85
0.65
0.89
0.92
0.85
0.6
0.8
0.83
0.87
0.73
0.73
0.76
0.61
0.73
0.25
0.5
0.5
0.6
0.95
0.65
0.95
0.73
0.58
0.5
0.7
0.25
0.89
0.73
0.5
0.87
0.25
0.73
0.79
0.9
0.5
0.9
0.98
0.73
0.82
0.93
0.99
0.82
0.98
0.93
0.94
0.92
0.73
0.79
0.95
0.9
0.75
0.25
0.5
0.89
0.9
0.95
0.69
0.95
0.51
0.6
0.73
0.5
0.7
0.25
0.94
0
0.25
0.66
0.65
0.63
0.25
0.5
0.87
0.6
0.98
0.9
0.9
0.9
0.74
0.92
0.95
0.8
0.79
0.52
0.73
0.73
0.5
0.58
0.63
0.65
0.95
0.6
0.73
0.25
0.5
0.5
0.5
0.6
0.74
0.25
0.9
0.8
0.8
0.93
0.8
0.89
0.95
0.89
0.9
0.76
0.6
0.7
0.64
0.76
0.52
0.87
0
0.8
0.75
0.6
0.85
0.75
0.9
0.25
0.96
0.81
0.77
0.96
0.81
0.84
0.25
0.95
0.89
0.95
0.94
0.77
0.78
0.73
0.75
0.82
0.95
0.25
0.25
0.55
0.88
0.84
0.5
0.82
0.98
0.9
0.86
0.86
0.25
0.77
0.95
0.96
0.91
0.78
0.86
0.89
0.89
0.75
0.74
0.98
0.93
0.75
0.73
0.86
0.94
0.85
0.81
0.94
0.8
0.74
0.25
0.86
0.73
0.88
0.83
0.6
0.55
0.94
0.75
0.82
0.94
0.25
0.91
0.98
0.92
0.25
0.75
0.74
0.87
0.73
0.93
0.84
0.88
0.97
0.96
0.25
0.86
0.86
0.78
0.73
0.87
0.83
0.5
0.73
0.81
0.84
0.25
0.88
0.81
0.97
0.9
0.94
0.91
0.8
0.55
0.88
0.68
0.76
0.95
0.96
0.98
0.98
0.85
0.7
0.98
0.5
