0.25
0.79
0.89
0.76
0.73
0.75
0.7
0.82
0.78
0.72
0.73
0.64
0.73
0.25
0.76
0.25
0.25
0.25
0.25
0.25
0.82
0.25
0.73
0.92
0.25
0.79
0.71
0.25
0.25
0.72
0.72
0.25
0.76
0.66
0.74
0.74
0.25
0.25
0.25
0.89
0.74
0.64
0.86
0.99
0.25
0.25
0.25
0.25
0.7
0.73
0.93
0.76
0.79
0.73
0.85
0.8
0.82
0.93
0.75
0.77
0.8
0.5
0.77
0.8
0.65
0.81
0.25
0.82
0.7
0.7
0.25
0.89
0.25
0.6
0.89
0.37
0.85
0.7
0.7
0.7
0.93
0.5
0.89
0.5
0.87
0.93
0.25
0.5
0.73
0.88
0.89
0.77
1
0.95
0.75
0.75
0.5
0.7
0.5
0.85
0.87
0.85
0.78
0.87
0.25
0.5
0.25
0.96
0.85
0.85
0.9
0.87
0.69
0.78
0.86
0.25
0.95
0.7
0.65
0.89
0.25
0.65
0.6
0.97
0.9
0.73
0.73
0.79
0.69
0.87
0.91
0.86
0.96
0.9
0.8
0.5
0.25
0.9
0.8
0.81
0.87
0.78
0.91
0.75
0.83
0.25
0.25
0.8
0.6
0.75
0.7
0.68
0.89
0.9
0.87
0.87
0.25
0.25
0.25
0.95
0.8
1
0.95
0.9
0.25
0.7
0.7
0.8
0.83
0.9
0.74
0.86
0.85
0.84
0.92
0.85
0.9
0.9
0.73
0.97
0.86
0.25
0.92
0.96
0.94
0.83
0.9
0.85
0.75
0.62
0.96
0.74
0.96
0.82
0.92
0.72
0.25
0.95
0.92
0.95
0.73
0.86
0.96
0.95
0.84
0.87
0.55
0.25
0.88
0.91
0.82
0.89
0.83
0.98
0.94
